Var1	hg19_bwa_trimmed	hg19_star_trimmed	hg19_bwa_untrimmed	hg19_star_untrimmed	hg38_bwa_trimmed	hg38_star_trimmed	hg38_bwa_untrimmed	hg38_star_untrimmed
A->C	1856	2840	1097	3030	1840	2824	1105	3015
A->G	51470	51760	33502	55261	51132	51399	33284	54877
A->T	5159	7315	3161	7645	5129	7261	3172	7577
C->A	10528	14205	6996	14788	10454	14131	6999	14709
C->G	4355	5806	2804	6043	4326	5758	2803	5985
C->T	17291	21252	10028	22342	17224	21163	10048	22241
G->A	15893	19805	10081	20752	15832	19751	10098	20695
G->C	4597	5969	2924	6194	4585	5938	2930	6166
G->T	11150	14690	6973	15281	11119	14609	6965	15189
T->A	4792	7020	3214	7318	4741	6965	3211	7269
T->C	47154	47897	30227	51218	47004	47716	30380	51023
T->G	1795	2527	1162	2685	1792	2529	1167	2690

